0075557770002
0125550000001
0015551110002
0045554440001
0095559990003
0125550000002
0025552220001
0105550000001
0035553330002
0125550000003
0065556660004
0055555550001
0085558880003
0125550000004
0015551110001
0025552220003
0075557770001
0095559990001
0035553330001
0065556660001
0045554440003
0125550000005
0105550000002
0085558880001
0055555550002
0015551110003
0075557770003
0125550000006
0025552220002
0095559990002
0035553330003
0065556660003
0045554440002
0105550000003
0085558880002
0065556660002


